9.5367431640625e-07
0.0002110004425048828
9.5367431640625e-07
6.914138793945312e-05
0.0003609657287597656
9.5367431640625e-07
5.412101745605469e-05
9.5367431640625e-07
7.152557373046875e-07
9.703636169433594e-05
0.00024700164794921875
9.5367431640625e-07
2.9802322387695312e-05
9.5367431640625e-07
5.984306335449219e-05
0.0001518726348876953
9.5367431640625e-07
2.47955322265625e-05
7.510185241699219e-05
0.0001609325408935547
5.2928924560546875e-05
9.5367431640625e-07
7.295608520507812e-05
0.00018787384033203125
2.9087066650390625e-05
9.5367431640625e-07
5.698204040527344e-05
0.00014519691467285156
2.4080276489257812e-05
5.2928924560546875e-05
0.0001327991485595703
