3.719329833984375e-05
3.3855438232421875e-05
4.00543212890625e-05
3.314018249511719e-05
3.314018249511719e-05
3.1948089599609375e-05
3.2901763916015625e-05
3.1948089599609375e-05
3.1948089599609375e-05
3.1948089599609375e-05
3.218650817871094e-05
3.1948089599609375e-05
3.314018249511719e-05
3.1948089599609375e-05
3.1948089599609375e-05
3.218650817871094e-05
3.218650817871094e-05
3.218650817871094e-05
3.1948089599609375e-05
3.218650817871094e-05
3.218650817871094e-05
3.1948089599609375e-05
3.1948089599609375e-05
8.487701416015625e-05
3.218650817871094e-05
3.2901763916015625e-05
3.1948089599609375e-05
3.1948089599609375e-05
3.218650817871094e-05
3.1948089599609375e-05
3.2901763916015625e-05